Array for attempt at 22:49 on 11/28/2020
======================================================
The original array:
[397, 647, 51, 1369, 495, 714, 443, 32, -14, 443, 691, 393, 799, 241, 9, 361, 232, 26, 260, 1370]
[545, 191, 11, 9, 71, 829, 201, 55, 813, 19, -17, 436, 581, 171, 127, 921, 755, 205, 35, 851]
[541, 1407, 571, 113, 417, 601, -28, 481, 621, 181, 349, 601, 401, 298, 1401, 443, 307, 181, 27, 316]
[631, 223, 463, 34, 1, 433, 186, 100, 793, 511, 552, 931, 176, 505, 481, 11, 113, 589, 89, 553]
[465, 1, 1009, 52, 1179, 541, 320, 161, 273, 254, 645, 217, 217, 157, 136, 271, 92, 109, 1, 581]
[481, 49, 386, 235, 14, 430, 785, 331, 243, 155, 505, 381, 281, 298, 149, 145, 176, 799, 1, 241]
[337, 11, 400, 781, 421, 1327, -33, 274, 815, 112, 561, 260, 109, 379, 511, 1015, 581, 267, 865, 651]
[438, 321, 339, 17, 1, 892, 460, 161, 376, 647, 145, 337, 1, 976, 225, 271, 199, 334, 21, 19]
[449, 1141, 391, 67, 113, 771, 267, 73, 81, 381, 34, 21, 496, 701, 188, 35, 11, 127, 16, 49]
[22, 987, 29, 666, 769, 65, 381, 897, 430, 339, 829, 137, 249, 641, 321, 76, 65, 41, 121, 61]
[365, 89, 407, 169, 76, 106, 273, 691, 172, 421, -30, 316, 47, 145, 211, 631, 481, 323, 378, 17]
[31, 31, 289, 1226, 737, 1, 91, 229, 576, 385, 307, 481, 97, 528, 579, 65, 77, 145, 590, 673]
[73, 769, 262, 551, 82, 529, 29, 109, 201, 103, 737, 511, 85, 461, 407, 73, 100, 162, 97, 51]
[519, 547, 134, 1483, 337, 495, 865, 1001, 105, 57, 885, -6, 46, 183, 91, 169, 145, 865, 813, 5]
[1361, 1333, 71, 69, 97, 27, 529, 1, 937, 141, 842, 86, 929, 962, 869, 313, 1, -16, 31, 601]
[244, 541, 145, 371, 31, 106, 29, 351, 9, 3, 181, 1000, 9, 271, 481, 349, 37, 239, 851, 100]
[973, 40, 495, 1, 631, 651, 466, 1, 59, 817, 865, 1103, 375, 343, 199, 630, 106, 381, 17, 989]
[401, 514, 547, 29, 55, 196, 673, 435, 610, 94, 32, 375, 105, 761, 421, -3, 1, 281, 305, 465]
[626, 1, 290, 433, 541, 37, 37, 166, 172, 651, 241, 817, 441, 133, 837, 96, 289, 815, 163, 1321]
[241, 1, 1037, 51, 63, 595, 253, 691, 507, 145, 271, 1185, 197, 397, 33, 36, -30, 111, 133, 177]

The Transposed array:
[397, 545, 541, 631, 465, 481, 337, 438, 449, 22, 365, 31, 73, 519, 1361, 244, 973, 401, 626, 241]
[647, 191, 1407, 223, 1, 49, 11, 321, 1141, 987, 89, 31, 769, 547, 1333, 541, 40, 514, 1, 1]
[51, 11, 571, 463, 1009, 386, 400, 339, 391, 29, 407, 289, 262, 134, 71, 145, 495, 547, 290, 1037]
[1369, 9, 113, 34, 52, 235, 781, 17, 67, 666, 169, 1226, 551, 1483, 69, 371, 1, 29, 433, 51]
[495, 71, 417, 1, 1179, 14, 421, 1, 113, 769, 76, 737, 82, 337, 97, 31, 631, 55, 541, 63]
[714, 829, 601, 433, 541, 430, 1327, 892, 771, 65, 106, 1, 529, 495, 27, 106, 651, 196, 37, 595]
[443, 201, -28, 186, 320, 785, -33, 460, 267, 381, 273, 91, 29, 865, 529, 29, 466, 673, 37, 253]
[32, 55, 481, 100, 161, 331, 274, 161, 73, 897, 691, 229, 109, 1001, 1, 351, 1, 435, 166, 691]
[-14, 813, 621, 793, 273, 243, 815, 376, 81, 430, 172, 576, 201, 105, 937, 9, 59, 610, 172, 507]
[443, 19, 181, 511, 254, 155, 112, 647, 381, 339, 421, 385, 103, 57, 141, 3, 817, 94, 651, 145]
[691, -17, 349, 552, 645, 505, 561, 145, 34, 829, -30, 307, 737, 885, 842, 181, 865, 32, 241, 271]
[393, 436, 601, 931, 217, 381, 260, 337, 21, 137, 316, 481, 511, -6, 86, 1000, 1103, 375, 817, 1185]
[799, 581, 401, 176, 217, 281, 109, 1, 496, 249, 47, 97, 85, 46, 929, 9, 375, 105, 441, 197]
[241, 171, 298, 505, 157, 298, 379, 976, 701, 641, 145, 528, 461, 183, 962, 271, 343, 761, 133, 397]
[9, 127, 1401, 481, 136, 149, 511, 225, 188, 321, 211, 579, 407, 91, 869, 481, 199, 421, 837, 33]
[361, 921, 443, 11, 271, 145, 1015, 271, 35, 76, 631, 65, 73, 169, 313, 349, 630, -3, 96, 36]
[232, 755, 307, 113, 92, 176, 581, 199, 11, 65, 481, 77, 100, 145, 1, 37, 106, 1, 289, -30]
[26, 205, 181, 589, 109, 799, 267, 334, 127, 41, 323, 145, 162, 865, -16, 239, 381, 281, 815, 111]
[260, 35, 27, 89, 1, 1, 865, 21, 16, 121, 378, 590, 97, 813, 31, 851, 17, 305, 163, 133]
[1370, 851, 316, 553, 581, 241, 651, 19, 49, 61, 17, 673, 51, 5, 601, 100, 989, 465, 1321, 177]

The sorted version of the transposed array is:
[22, 31, 73, 241, 244, 337, 365, 397, 401, 438, 449, 465, 481, 519, 541, 545, 626, 631, 973, 1361]
[1, 1, 1, 11, 31, 40, 49, 89, 191, 223, 321, 514, 541, 547, 647, 769, 987, 1141, 1333, 1407]
[11, 29, 51, 71, 134, 145, 262, 289, 290, 339, 386, 391, 400, 407, 463, 495, 547, 571, 1009, 1037]
[1, 9, 17, 29, 34, 51, 52, 67, 69, 113, 169, 235, 371, 433, 551, 666, 781, 1226, 1369, 1483]
[1, 1, 14, 31, 55, 63, 71, 76, 82, 97, 113, 337, 417, 421, 495, 541, 631, 737, 769, 1179]
[1, 27, 37, 65, 106, 106, 196, 430, 433, 495, 529, 541, 595, 601, 651, 714, 771, 829, 892, 1327]
[-33, -28, 29, 29, 37, 91, 186, 201, 253, 267, 273, 320, 381, 443, 460, 466, 529, 673, 785, 865]
[1, 1, 32, 55, 73, 100, 109, 161, 161, 166, 229, 274, 331, 351, 435, 481, 691, 691, 897, 1001]
[-14, 9, 59, 81, 105, 172, 172, 201, 243, 273, 376, 430, 507, 576, 610, 621, 793, 813, 815, 937]
[3, 19, 57, 94, 103, 112, 141, 145, 155, 181, 254, 339, 381, 385, 421, 443, 511, 647, 651, 817]
[-30, -17, 32, 34, 145, 181, 241, 271, 307, 349, 505, 552, 561, 645, 691, 737, 829, 842, 865, 885]
[-6, 21, 86, 137, 217, 260, 316, 337, 375, 381, 393, 436, 481, 511, 601, 817, 931, 1000, 1103, 1185]
[1, 9, 46, 47, 85, 97, 105, 109, 176, 197, 217, 249, 281, 375, 401, 441, 496, 581, 799, 929]
[133, 145, 157, 171, 183, 241, 271, 298, 298, 343, 379, 397, 461, 505, 528, 641, 701, 761, 962, 976]
[9, 33, 91, 127, 136, 149, 188, 199, 211, 225, 321, 407, 421, 481, 481, 511, 579, 837, 869, 1401]
[-3, 11, 35, 36, 65, 73, 76, 96, 145, 169, 271, 271, 313, 349, 361, 443, 630, 631, 921, 1015]
[-30, 1, 1, 11, 37, 65, 77, 92, 100, 106, 113, 145, 176, 199, 232, 289, 307, 481, 581, 755]
[-16, 26, 41, 109, 111, 127, 145, 162, 181, 205, 239, 267, 281, 323, 334, 381, 589, 799, 815, 865]
[1, 1, 16, 17, 21, 27, 31, 35, 89, 97, 121, 133, 163, 260, 305, 378, 590, 813, 851, 865]
[5, 17, 19, 49, 51, 61, 100, 177, 241, 316, 465, 553, 581, 601, 651, 673, 851, 989, 1321, 1370]

The sorted version of the array is:
[-14, 9, 26, 32, 51, 232, 241, 260, 361, 393, 397, 443, 443, 495, 647, 691, 714, 799, 1369, 1370]
[-17, 9, 11, 19, 35, 55, 71, 127, 171, 191, 201, 205, 436, 545, 581, 755, 813, 829, 851, 921]
[-28, 27, 113, 181, 181, 298, 307, 316, 349, 401, 417, 443, 481, 541, 571, 601, 601, 621, 1401, 1407]
[1, 11, 34, 89, 100, 113, 176, 186, 223, 433, 463, 481, 505, 511, 552, 553, 589, 631, 793, 931]
[1, 1, 52, 92, 109, 136, 157, 161, 217, 217, 254, 271, 273, 320, 465, 541, 581, 645, 1009, 1179]
[1, 14, 49, 145, 149, 155, 176, 235, 241, 243, 281, 298, 331, 381, 386, 430, 481, 505, 785, 799]
[-33, 11, 109, 112, 260, 267, 274, 337, 379, 400, 421, 511, 561, 581, 651, 781, 815, 865, 1015, 1327]
[1, 1, 17, 19, 21, 145, 161, 199, 225, 271, 321, 334, 337, 339, 376, 438, 460, 647, 892, 976]
[11, 16, 21, 34, 35, 49, 67, 73, 81, 113, 127, 188, 267, 381, 391, 449, 496, 701, 771, 1141]
[22, 29, 41, 61, 65, 65, 76, 121, 137, 249, 321, 339, 381, 430, 641, 666, 769, 829, 897, 987]
[-30, 17, 47, 76, 89, 106, 145, 169, 172, 211, 273, 316, 323, 365, 378, 407, 421, 481, 631, 691]
[1, 31, 31, 65, 77, 91, 97, 145, 229, 289, 307, 385, 481, 528, 576, 579, 590, 673, 737, 1226]
[29, 51, 73, 73, 82, 85, 97, 100, 103, 109, 162, 201, 262, 407, 461, 511, 529, 551, 737, 769]
[-6, 5, 46, 57, 91, 105, 134, 145, 169, 183, 337, 495, 519, 547, 813, 865, 865, 885, 1001, 1483]
[-16, 1, 1, 27, 31, 69, 71, 86, 97, 141, 313, 529, 601, 842, 869, 929, 937, 962, 1333, 1361]
[3, 9, 9, 29, 31, 37, 100, 106, 145, 181, 239, 244, 271, 349, 351, 371, 481, 541, 851, 1000]
[1, 1, 17, 40, 59, 106, 199, 343, 375, 381, 466, 495, 630, 631, 651, 817, 865, 973, 989, 1103]
[-3, 1, 29, 32, 55, 94, 105, 196, 281, 305, 375, 401, 421, 435, 465, 514, 547, 610, 673, 761]
[1, 37, 37, 96, 133, 163, 166, 172, 241, 289, 290, 433, 441, 541, 626, 651, 815, 817, 837, 1321]
[-30, 1, 33, 36, 51, 63, 111, 133, 145, 177, 197, 241, 253, 271, 397, 507, 595, 691, 1037, 1185]

End of this array operation

Array for attempt at 22:50 on 11/28/2020
======================================================
The original array:
[45, 127, 37, 76, 27, 201, 305, 261, 599, 141]
[346, 262, 664, 801, 121, 497, 833, 793, 323, 737]
[145, 325, 21, 1171, 65, 55, 181, 568, 29, 53]
[1293, 79, 533, 358, 1, 25, 391, 85, 321, 61]
[109, 161, 313, 137, 131, 171, 683, 505, 209, 541]
[852, 511, 225, 35, 161, 1121, 745, 91, 552, 225]
[41, 32, 133, 652, 507, 106, 1226, 157, 169, 1148]
[737, 175, 1117, 59, 1, 875, 20, 487, 127, 477]
[221, 1055, 477, 169, 438, 1361, 343, 393, 73, 1]
[10, 547, 37, 491, 217, 61, 17, 813, 1407, 801]

The Transposed array:
[45, 346, 145, 1293, 109, 852, 41, 737, 221, 10]
[127, 262, 325, 79, 161, 511, 32, 175, 1055, 547]
[37, 664, 21, 533, 313, 225, 133, 1117, 477, 37]
[76, 801, 1171, 358, 137, 35, 652, 59, 169, 491]
[27, 121, 65, 1, 131, 161, 507, 1, 438, 217]
[201, 497, 55, 25, 171, 1121, 106, 875, 1361, 61]
[305, 833, 181, 391, 683, 745, 1226, 20, 343, 17]
[261, 793, 568, 85, 505, 91, 157, 487, 393, 813]
[599, 323, 29, 321, 209, 552, 169, 127, 73, 1407]
[141, 737, 53, 61, 541, 225, 1148, 477, 1, 801]

The sorted version of the transposed array is:
[10, 41, 45, 109, 145, 221, 346, 737, 852, 1293]
[32, 79, 127, 161, 175, 262, 325, 511, 547, 1055]
[21, 37, 37, 133, 225, 313, 477, 533, 664, 1117]
[35, 59, 76, 137, 169, 358, 491, 652, 801, 1171]
[1, 1, 27, 65, 121, 131, 161, 217, 438, 507]
[25, 55, 61, 106, 171, 201, 497, 875, 1121, 1361]
[17, 20, 181, 305, 343, 391, 683, 745, 833, 1226]
[85, 91, 157, 261, 393, 487, 505, 568, 793, 813]
[29, 73, 127, 169, 209, 321, 323, 552, 599, 1407]
[1, 53, 61, 141, 225, 477, 541, 737, 801, 1148]

The sorted version of the array is:
[27, 37, 45, 76, 127, 141, 201, 261, 305, 599]
[121, 262, 323, 346, 497, 664, 737, 793, 801, 833]
[21, 29, 53, 55, 65, 145, 181, 325, 568, 1171]
[1, 25, 61, 79, 85, 321, 358, 391, 533, 1293]
[109, 131, 137, 161, 171, 209, 313, 505, 541, 683]
[35, 91, 161, 225, 225, 511, 552, 745, 852, 1121]
[32, 41, 106, 133, 157, 169, 507, 652, 1148, 1226]
[1, 20, 59, 127, 175, 477, 487, 737, 875, 1117]
[1, 73, 169, 221, 343, 393, 438, 477, 1055, 1361]
[10, 17, 37, 61, 217, 491, 547, 801, 813, 1407]

End of this array operation
