OS Name -> Windows 10
OS Platform -> Windows 10 amd64
Processor -> Intel64 Family 6 Model 165 Stepping 2, GenuineIntel
CPU Name Alternative -> Intel(R) Core(TM) i7-10750H CPU @ 2.60GHz
Architecture -> AMD64
Core Count -> 6
Logical Processors -> 12
Manufacturer -> ASUSTeK COMPUTER INC.
Model -> ROG Zephyrus M15 GU502LV_GU502LV
22:47 on 5/3/2021
======================================================
The original array:
[781, 1191, 316, 609, 169, 379, 353, 1444, 57, 43, 183, 334, 365, 481, 568, 127, 321, 401, 561, 25]
[67, -24, 685, 145, 19, 521, 89, 56, 41, 9, 1086, 559, 837, 647, 46, 305, 757, 241, 36, 36]
[183, 649, 349, 181, 482, 769, 17, 421, 778, 85, 320, 49, 973, 201, 89, 514, 801, 705, 521, 465]
[31, 35, 4, 381, 441, 375, 155, 430, 561, 378, 151, 244, 316, 99, 419, 307, 208, 415, 19, -31]
[497, 694, 193, 393, 273, 190, 397, 1057, 97, 286, 169, -36, 892, 589, 511, 256, 229, 443, 349, 397]
[958, -1, 541, 175, 842, 197, 91, 289, -29, 193, 109, 127, 65, 61, 838, 457, 842, 353, 235, 1161]
[769, 89, 704, 771, 885, 373, 277, 993, -17, 117, 23, 958, 807, 561, 1225, 609, 577, 39, 187, 898]
[71, 129, 267, 281, 71, 181, 426, 254, 145, 1103, 218, 88, 511, 477, 1293, 239, 1089, 64, 869, 361]
[1025, 320, 201, 353, 1081, 817, 376, 265, 521, 519, 430, 36, 137, 1000, -20, 365, 209, 435, 125, 289]
[1185, 91, 21, 26, 430, 199, 438, 229, 661, 426, 71, 205, -38, 1081, -24, 69, 409, 476, 209, 496]
[166, 1153, 231, 1, 685, 77, 106, 277, 946, 241, 9, 1055, 466, 313, 1179, 469, 641, 313, 497, 1]
[241, 962, 435, 460, 94, 45, 1009, 449, 211, 1, 77, 343, 610, 513, 761, 1222, 253, 15, 391, 166]
[1293, 1055, 91, 211, 82, 133, 457, 113, 193, 361, 33, 526, 697, 497, 67, 66, 287, -26, 426, 151]
[1025, 519, 919, 929, 36, 145, 29, 353, 196, 477, 1222, 201, 685, 1111, 361, 10, 331, 295, 85, 526]
[929, 183, 1086, 641, 757, 897, 1261, 56, 741, 523, 820, 71, 141, 209, 193, 197, 300, 305, 112, 55]
[204, 134, 181, 289, 222, 457, 289, 196, 961, 1, 290, 595, 52, 169, 391, 351, 404, 261, 151, 298]
[30, 561, 562, 185, 235, 70, 1009, 43, 617, 71, 691, 163, 1086, 77, 43, 613, 73, 326, 837, 97]
[751, 889, 409, 571, 136, 1, 630, 341, 316, 400, 64, 76, 64, 13, 349, 106, 53, 667, 407, 126]
[106, 141, 501, 408, 628, 171, 541, 331, 169, 477, 1293, 1331, 495, 88, 170, 961, 307, 305, 761, 343]
[438, 280, 57, 19, 433, 343, 826, 183, 70, 96, 741, 865, 1, 15, 58, 21, 211, 551, 71, 162]

The Transposed array:
[781, 67, 183, 31, 497, 958, 769, 71, 1025, 1185, 166, 241, 1293, 1025, 929, 204, 30, 751, 106, 438]
[1191, -24, 649, 35, 694, -1, 89, 129, 320, 91, 1153, 962, 1055, 519, 183, 134, 561, 889, 141, 280]
[316, 685, 349, 4, 193, 541, 704, 267, 201, 21, 231, 435, 91, 919, 1086, 181, 562, 409, 501, 57]
[609, 145, 181, 381, 393, 175, 771, 281, 353, 26, 1, 460, 211, 929, 641, 289, 185, 571, 408, 19]
[169, 19, 482, 441, 273, 842, 885, 71, 1081, 430, 685, 94, 82, 36, 757, 222, 235, 136, 628, 433]
[379, 521, 769, 375, 190, 197, 373, 181, 817, 199, 77, 45, 133, 145, 897, 457, 70, 1, 171, 343]
[353, 89, 17, 155, 397, 91, 277, 426, 376, 438, 106, 1009, 457, 29, 1261, 289, 1009, 630, 541, 826]
[1444, 56, 421, 430, 1057, 289, 993, 254, 265, 229, 277, 449, 113, 353, 56, 196, 43, 341, 331, 183]
[57, 41, 778, 561, 97, -29, -17, 145, 521, 661, 946, 211, 193, 196, 741, 961, 617, 316, 169, 70]
[43, 9, 85, 378, 286, 193, 117, 1103, 519, 426, 241, 1, 361, 477, 523, 1, 71, 400, 477, 96]
[183, 1086, 320, 151, 169, 109, 23, 218, 430, 71, 9, 77, 33, 1222, 820, 290, 691, 64, 1293, 741]
[334, 559, 49, 244, -36, 127, 958, 88, 36, 205, 1055, 343, 526, 201, 71, 595, 163, 76, 1331, 865]
[365, 837, 973, 316, 892, 65, 807, 511, 137, -38, 466, 610, 697, 685, 141, 52, 1086, 64, 495, 1]
[481, 647, 201, 99, 589, 61, 561, 477, 1000, 1081, 313, 513, 497, 1111, 209, 169, 77, 13, 88, 15]
[568, 46, 89, 419, 511, 838, 1225, 1293, -20, -24, 1179, 761, 67, 361, 193, 391, 43, 349, 170, 58]
[127, 305, 514, 307, 256, 457, 609, 239, 365, 69, 469, 1222, 66, 10, 197, 351, 613, 106, 961, 21]
[321, 757, 801, 208, 229, 842, 577, 1089, 209, 409, 641, 253, 287, 331, 300, 404, 73, 53, 307, 211]
[401, 241, 705, 415, 443, 353, 39, 64, 435, 476, 313, 15, -26, 295, 305, 261, 326, 667, 305, 551]
[561, 36, 521, 19, 349, 235, 187, 869, 125, 209, 497, 391, 426, 85, 112, 151, 837, 407, 761, 71]
[25, 36, 465, -31, 397, 1161, 898, 361, 289, 496, 1, 166, 151, 526, 55, 298, 97, 126, 343, 162]

The sorted version of the transposed array is:
[30, 31, 67, 71, 106, 166, 183, 204, 241, 438, 497, 751, 769, 781, 929, 958, 1025, 1025, 1185, 1293]
[-24, -1, 35, 89, 91, 129, 134, 141, 183, 280, 320, 519, 561, 649, 694, 889, 962, 1055, 1153, 1191]
[4, 21, 57, 91, 181, 193, 201, 231, 267, 316, 349, 409, 435, 501, 541, 562, 685, 704, 919, 1086]
[1, 19, 26, 145, 175, 181, 185, 211, 281, 289, 353, 381, 393, 408, 460, 571, 609, 641, 771, 929]
[19, 36, 71, 82, 94, 136, 169, 222, 235, 273, 430, 433, 441, 482, 628, 685, 757, 842, 885, 1081]
[1, 45, 70, 77, 133, 145, 171, 181, 190, 197, 199, 343, 373, 375, 379, 457, 521, 769, 817, 897]
[17, 29, 89, 91, 106, 155, 277, 289, 353, 376, 397, 426, 438, 457, 541, 630, 826, 1009, 1009, 1261]
[43, 56, 56, 113, 183, 196, 229, 254, 265, 277, 289, 331, 341, 353, 421, 430, 449, 993, 1057, 1444]
[-29, -17, 41, 57, 70, 97, 145, 169, 193, 196, 211, 316, 521, 561, 617, 661, 741, 778, 946, 961]
[1, 1, 9, 43, 71, 85, 96, 117, 193, 241, 286, 361, 378, 400, 426, 477, 477, 519, 523, 1103]
[9, 23, 33, 64, 71, 77, 109, 151, 169, 183, 218, 290, 320, 430, 691, 741, 820, 1086, 1222, 1293]
[-36, 36, 49, 71, 76, 88, 127, 163, 201, 205, 244, 334, 343, 526, 559, 595, 865, 958, 1055, 1331]
[-38, 1, 52, 64, 65, 137, 141, 316, 365, 466, 495, 511, 610, 685, 697, 807, 837, 892, 973, 1086]
[13, 15, 61, 77, 88, 99, 169, 201, 209, 313, 477, 481, 497, 513, 561, 589, 647, 1000, 1081, 1111]
[-24, -20, 43, 46, 58, 67, 89, 170, 193, 349, 361, 391, 419, 511, 568, 761, 838, 1179, 1225, 1293]
[10, 21, 66, 69, 106, 127, 197, 239, 256, 305, 307, 351, 365, 457, 469, 514, 609, 613, 961, 1222]
[53, 73, 208, 209, 211, 229, 253, 287, 300, 307, 321, 331, 404, 409, 577, 641, 757, 801, 842, 1089]
[-26, 15, 39, 64, 241, 261, 295, 305, 305, 313, 326, 353, 401, 415, 435, 443, 476, 551, 667, 705]
[19, 36, 71, 85, 112, 125, 151, 187, 209, 235, 349, 391, 407, 426, 497, 521, 561, 761, 837, 869]
[-31, 1, 25, 36, 55, 97, 126, 151, 162, 166, 289, 298, 343, 361, 397, 465, 496, 526, 898, 1161]

End of this operation

