Array for attempt at 22:49 on 11/28/2020
======================================================
The original array:
[397, 647, 51, 1369, 495, 714, 443, 32, -14, 443, 691, 393, 799, 241, 9, 361, 232, 26, 260, 1370]
[545, 191, 11, 9, 71, 829, 201, 55, 813, 19, -17, 436, 581, 171, 127, 921, 755, 205, 35, 851]
[541, 1407, 571, 113, 417, 601, -28, 481, 621, 181, 349, 601, 401, 298, 1401, 443, 307, 181, 27, 316]
[631, 223, 463, 34, 1, 433, 186, 100, 793, 511, 552, 931, 176, 505, 481, 11, 113, 589, 89, 553]
[465, 1, 1009, 52, 1179, 541, 320, 161, 273, 254, 645, 217, 217, 157, 136, 271, 92, 109, 1, 581]
[481, 49, 386, 235, 14, 430, 785, 331, 243, 155, 505, 381, 281, 298, 149, 145, 176, 799, 1, 241]
[337, 11, 400, 781, 421, 1327, -33, 274, 815, 112, 561, 260, 109, 379, 511, 1015, 581, 267, 865, 651]
[438, 321, 339, 17, 1, 892, 460, 161, 376, 647, 145, 337, 1, 976, 225, 271, 199, 334, 21, 19]
[449, 1141, 391, 67, 113, 771, 267, 73, 81, 381, 34, 21, 496, 701, 188, 35, 11, 127, 16, 49]
[22, 987, 29, 666, 769, 65, 381, 897, 430, 339, 829, 137, 249, 641, 321, 76, 65, 41, 121, 61]
[365, 89, 407, 169, 76, 106, 273, 691, 172, 421, -30, 316, 47, 145, 211, 631, 481, 323, 378, 17]
[31, 31, 289, 1226, 737, 1, 91, 229, 576, 385, 307, 481, 97, 528, 579, 65, 77, 145, 590, 673]
[73, 769, 262, 551, 82, 529, 29, 109, 201, 103, 737, 511, 85, 461, 407, 73, 100, 162, 97, 51]
[519, 547, 134, 1483, 337, 495, 865, 1001, 105, 57, 885, -6, 46, 183, 91, 169, 145, 865, 813, 5]
[1361, 1333, 71, 69, 97, 27, 529, 1, 937, 141, 842, 86, 929, 962, 869, 313, 1, -16, 31, 601]
[244, 541, 145, 371, 31, 106, 29, 351, 9, 3, 181, 1000, 9, 271, 481, 349, 37, 239, 851, 100]
[973, 40, 495, 1, 631, 651, 466, 1, 59, 817, 865, 1103, 375, 343, 199, 630, 106, 381, 17, 989]
[401, 514, 547, 29, 55, 196, 673, 435, 610, 94, 32, 375, 105, 761, 421, -3, 1, 281, 305, 465]
[626, 1, 290, 433, 541, 37, 37, 166, 172, 651, 241, 817, 441, 133, 837, 96, 289, 815, 163, 1321]
[241, 1, 1037, 51, 63, 595, 253, 691, 507, 145, 271, 1185, 197, 397, 33, 36, -30, 111, 133, 177]

The Transposed array:
[397, 545, 541, 631, 465, 481, 337, 438, 449, 22, 365, 31, 73, 519, 1361, 244, 973, 401, 626, 241]
[647, 191, 1407, 223, 1, 49, 11, 321, 1141, 987, 89, 31, 769, 547, 1333, 541, 40, 514, 1, 1]
[51, 11, 571, 463, 1009, 386, 400, 339, 391, 29, 407, 289, 262, 134, 71, 145, 495, 547, 290, 1037]
[1369, 9, 113, 34, 52, 235, 781, 17, 67, 666, 169, 1226, 551, 1483, 69, 371, 1, 29, 433, 51]
[495, 71, 417, 1, 1179, 14, 421, 1, 113, 769, 76, 737, 82, 337, 97, 31, 631, 55, 541, 63]
[714, 829, 601, 433, 541, 430, 1327, 892, 771, 65, 106, 1, 529, 495, 27, 106, 651, 196, 37, 595]
[443, 201, -28, 186, 320, 785, -33, 460, 267, 381, 273, 91, 29, 865, 529, 29, 466, 673, 37, 253]
[32, 55, 481, 100, 161, 331, 274, 161, 73, 897, 691, 229, 109, 1001, 1, 351, 1, 435, 166, 691]
[-14, 813, 621, 793, 273, 243, 815, 376, 81, 430, 172, 576, 201, 105, 937, 9, 59, 610, 172, 507]
[443, 19, 181, 511, 254, 155, 112, 647, 381, 339, 421, 385, 103, 57, 141, 3, 817, 94, 651, 145]
[691, -17, 349, 552, 645, 505, 561, 145, 34, 829, -30, 307, 737, 885, 842, 181, 865, 32, 241, 271]
[393, 436, 601, 931, 217, 381, 260, 337, 21, 137, 316, 481, 511, -6, 86, 1000, 1103, 375, 817, 1185]
[799, 581, 401, 176, 217, 281, 109, 1, 496, 249, 47, 97, 85, 46, 929, 9, 375, 105, 441, 197]
[241, 171, 298, 505, 157, 298, 379, 976, 701, 641, 145, 528, 461, 183, 962, 271, 343, 761, 133, 397]
[9, 127, 1401, 481, 136, 149, 511, 225, 188, 321, 211, 579, 407, 91, 869, 481, 199, 421, 837, 33]
[361, 921, 443, 11, 271, 145, 1015, 271, 35, 76, 631, 65, 73, 169, 313, 349, 630, -3, 96, 36]
[232, 755, 307, 113, 92, 176, 581, 199, 11, 65, 481, 77, 100, 145, 1, 37, 106, 1, 289, -30]
[26, 205, 181, 589, 109, 799, 267, 334, 127, 41, 323, 145, 162, 865, -16, 239, 381, 281, 815, 111]
[260, 35, 27, 89, 1, 1, 865, 21, 16, 121, 378, 590, 97, 813, 31, 851, 17, 305, 163, 133]
[1370, 851, 316, 553, 581, 241, 651, 19, 49, 61, 17, 673, 51, 5, 601, 100, 989, 465, 1321, 177]

The sorted version of the transposed array is:
[22, 31, 73, 241, 244, 337, 365, 397, 401, 438, 449, 465, 481, 519, 541, 545, 626, 631, 973, 1361]
[1, 1, 1, 11, 31, 40, 49, 89, 191, 223, 321, 514, 541, 547, 647, 769, 987, 1141, 1333, 1407]
[11, 29, 51, 71, 134, 145, 262, 289, 290, 339, 386, 391, 400, 407, 463, 495, 547, 571, 1009, 1037]
[1, 9, 17, 29, 34, 51, 52, 67, 69, 113, 169, 235, 371, 433, 551, 666, 781, 1226, 1369, 1483]
[1, 1, 14, 31, 55, 63, 71, 76, 82, 97, 113, 337, 417, 421, 495, 541, 631, 737, 769, 1179]
[1, 27, 37, 65, 106, 106, 196, 430, 433, 495, 529, 541, 595, 601, 651, 714, 771, 829, 892, 1327]
[-33, -28, 29, 29, 37, 91, 186, 201, 253, 267, 273, 320, 381, 443, 460, 466, 529, 673, 785, 865]
[1, 1, 32, 55, 73, 100, 109, 161, 161, 166, 229, 274, 331, 351, 435, 481, 691, 691, 897, 1001]
[-14, 9, 59, 81, 105, 172, 172, 201, 243, 273, 376, 430, 507, 576, 610, 621, 793, 813, 815, 937]
[3, 19, 57, 94, 103, 112, 141, 145, 155, 181, 254, 339, 381, 385, 421, 443, 511, 647, 651, 817]
[-30, -17, 32, 34, 145, 181, 241, 271, 307, 349, 505, 552, 561, 645, 691, 737, 829, 842, 865, 885]
[-6, 21, 86, 137, 217, 260, 316, 337, 375, 381, 393, 436, 481, 511, 601, 817, 931, 1000, 1103, 1185]
[1, 9, 46, 47, 85, 97, 105, 109, 176, 197, 217, 249, 281, 375, 401, 441, 496, 581, 799, 929]
[133, 145, 157, 171, 183, 241, 271, 298, 298, 343, 379, 397, 461, 505, 528, 641, 701, 761, 962, 976]
[9, 33, 91, 127, 136, 149, 188, 199, 211, 225, 321, 407, 421, 481, 481, 511, 579, 837, 869, 1401]
[-3, 11, 35, 36, 65, 73, 76, 96, 145, 169, 271, 271, 313, 349, 361, 443, 630, 631, 921, 1015]
[-30, 1, 1, 11, 37, 65, 77, 92, 100, 106, 113, 145, 176, 199, 232, 289, 307, 481, 581, 755]
[-16, 26, 41, 109, 111, 127, 145, 162, 181, 205, 239, 267, 281, 323, 334, 381, 589, 799, 815, 865]
[1, 1, 16, 17, 21, 27, 31, 35, 89, 97, 121, 133, 163, 260, 305, 378, 590, 813, 851, 865]
[5, 17, 19, 49, 51, 61, 100, 177, 241, 316, 465, 553, 581, 601, 651, 673, 851, 989, 1321, 1370]

The sorted version of the array is:
[-14, 9, 26, 32, 51, 232, 241, 260, 361, 393, 397, 443, 443, 495, 647, 691, 714, 799, 1369, 1370]
[-17, 9, 11, 19, 35, 55, 71, 127, 171, 191, 201, 205, 436, 545, 581, 755, 813, 829, 851, 921]
[-28, 27, 113, 181, 181, 298, 307, 316, 349, 401, 417, 443, 481, 541, 571, 601, 601, 621, 1401, 1407]
[1, 11, 34, 89, 100, 113, 176, 186, 223, 433, 463, 481, 505, 511, 552, 553, 589, 631, 793, 931]
[1, 1, 52, 92, 109, 136, 157, 161, 217, 217, 254, 271, 273, 320, 465, 541, 581, 645, 1009, 1179]
[1, 14, 49, 145, 149, 155, 176, 235, 241, 243, 281, 298, 331, 381, 386, 430, 481, 505, 785, 799]
[-33, 11, 109, 112, 260, 267, 274, 337, 379, 400, 421, 511, 561, 581, 651, 781, 815, 865, 1015, 1327]
[1, 1, 17, 19, 21, 145, 161, 199, 225, 271, 321, 334, 337, 339, 376, 438, 460, 647, 892, 976]
[11, 16, 21, 34, 35, 49, 67, 73, 81, 113, 127, 188, 267, 381, 391, 449, 496, 701, 771, 1141]
[22, 29, 41, 61, 65, 65, 76, 121, 137, 249, 321, 339, 381, 430, 641, 666, 769, 829, 897, 987]
[-30, 17, 47, 76, 89, 106, 145, 169, 172, 211, 273, 316, 323, 365, 378, 407, 421, 481, 631, 691]
[1, 31, 31, 65, 77, 91, 97, 145, 229, 289, 307, 385, 481, 528, 576, 579, 590, 673, 737, 1226]
[29, 51, 73, 73, 82, 85, 97, 100, 103, 109, 162, 201, 262, 407, 461, 511, 529, 551, 737, 769]
[-6, 5, 46, 57, 91, 105, 134, 145, 169, 183, 337, 495, 519, 547, 813, 865, 865, 885, 1001, 1483]
[-16, 1, 1, 27, 31, 69, 71, 86, 97, 141, 313, 529, 601, 842, 869, 929, 937, 962, 1333, 1361]
[3, 9, 9, 29, 31, 37, 100, 106, 145, 181, 239, 244, 271, 349, 351, 371, 481, 541, 851, 1000]
[1, 1, 17, 40, 59, 106, 199, 343, 375, 381, 466, 495, 630, 631, 651, 817, 865, 973, 989, 1103]
[-3, 1, 29, 32, 55, 94, 105, 196, 281, 305, 375, 401, 421, 435, 465, 514, 547, 610, 673, 761]
[1, 37, 37, 96, 133, 163, 166, 172, 241, 289, 290, 433, 441, 541, 626, 651, 815, 817, 837, 1321]
[-30, 1, 33, 36, 51, 63, 111, 133, 145, 177, 197, 241, 253, 271, 397, 507, 595, 691, 1037, 1185]

End of this array operation

Array for attempt at 22:50 on 11/28/2020
======================================================
The original array:
[45, 127, 37, 76, 27, 201, 305, 261, 599, 141]
[346, 262, 664, 801, 121, 497, 833, 793, 323, 737]
[145, 325, 21, 1171, 65, 55, 181, 568, 29, 53]
[1293, 79, 533, 358, 1, 25, 391, 85, 321, 61]
[109, 161, 313, 137, 131, 171, 683, 505, 209, 541]
[852, 511, 225, 35, 161, 1121, 745, 91, 552, 225]
[41, 32, 133, 652, 507, 106, 1226, 157, 169, 1148]
[737, 175, 1117, 59, 1, 875, 20, 487, 127, 477]
[221, 1055, 477, 169, 438, 1361, 343, 393, 73, 1]
[10, 547, 37, 491, 217, 61, 17, 813, 1407, 801]

The Transposed array:
[45, 346, 145, 1293, 109, 852, 41, 737, 221, 10]
[127, 262, 325, 79, 161, 511, 32, 175, 1055, 547]
[37, 664, 21, 533, 313, 225, 133, 1117, 477, 37]
[76, 801, 1171, 358, 137, 35, 652, 59, 169, 491]
[27, 121, 65, 1, 131, 161, 507, 1, 438, 217]
[201, 497, 55, 25, 171, 1121, 106, 875, 1361, 61]
[305, 833, 181, 391, 683, 745, 1226, 20, 343, 17]
[261, 793, 568, 85, 505, 91, 157, 487, 393, 813]
[599, 323, 29, 321, 209, 552, 169, 127, 73, 1407]
[141, 737, 53, 61, 541, 225, 1148, 477, 1, 801]

The sorted version of the transposed array is:
[10, 41, 45, 109, 145, 221, 346, 737, 852, 1293]
[32, 79, 127, 161, 175, 262, 325, 511, 547, 1055]
[21, 37, 37, 133, 225, 313, 477, 533, 664, 1117]
[35, 59, 76, 137, 169, 358, 491, 652, 801, 1171]
[1, 1, 27, 65, 121, 131, 161, 217, 438, 507]
[25, 55, 61, 106, 171, 201, 497, 875, 1121, 1361]
[17, 20, 181, 305, 343, 391, 683, 745, 833, 1226]
[85, 91, 157, 261, 393, 487, 505, 568, 793, 813]
[29, 73, 127, 169, 209, 321, 323, 552, 599, 1407]
[1, 53, 61, 141, 225, 477, 541, 737, 801, 1148]

The sorted version of the array is:
[27, 37, 45, 76, 127, 141, 201, 261, 305, 599]
[121, 262, 323, 346, 497, 664, 737, 793, 801, 833]
[21, 29, 53, 55, 65, 145, 181, 325, 568, 1171]
[1, 25, 61, 79, 85, 321, 358, 391, 533, 1293]
[109, 131, 137, 161, 171, 209, 313, 505, 541, 683]
[35, 91, 161, 225, 225, 511, 552, 745, 852, 1121]
[32, 41, 106, 133, 157, 169, 507, 652, 1148, 1226]
[1, 20, 59, 127, 175, 477, 487, 737, 875, 1117]
[1, 73, 169, 221, 343, 393, 438, 477, 1055, 1361]
[10, 17, 37, 61, 217, 491, 547, 801, 813, 1407]

End of this array operation

Array for attempt at 21:58 on 11/29/2020
======================================================
The original array:
[881, 267, 161, -10, 1, 169, 163, 96, 494, 209, 47, 865, 155, 23, 876, 876, 11, 417, 300, 1189]
[33, 101, 1191, 156, 381, 211, 6, 267, 373, 57, 865, 13, 993, 371, 321, 385, 1081, 126, 7, 29]
[487, 14, 49, 496, 41, 1, -34, 385, 56, 217, 601, 141, 91, 460, 349, 145, 541, 29, 71, 65]
[577, 621, 11, 265, 157, 1, 320, -17, 1121, 217, 181, 649, 305, 56, 301, 113, 116, 45, 156, 15]
[141, 109, 55, 141, 201, 175, 885, 373, 571, 649, 2, -38, 208, 25, 784, 8, 155, 32, 1, 235]
[49, 1179, 67, 714, 232, 1, 533, -37, 267, 482, 353, 507, 280, 32, 217, 181, 171, 651, 116, 244]
[1132, 1, 1000, 321, 37, 11, 244, 146, 305, 501, 298, 976, -29, 596, 613, 577, 556, 419, 181, 673]
[199, 85, 33, 1217, 1255, 248, 271, 190, 26, 723, 46, 807, 151, 156, 852, 38, 3, 241, 101, 91]
[526, 106, 601, 577, 5, 353, 487, 320, 175, 15, 57, 280, 463, 97, 813, 120, 369, 595, 217, 404]
[337, 1296, 1, 617, 112, 749, 99, 225, 172, 241, 703, 33, 36, 281, 49, 331, 86, 589, 481, 730]
[298, 16, 127, 365, 205, 233, 154, 141, 121, 61, 457, 1103, 485, 199, 56, 1, 783, 129, 505, 1185]
[145, 664, 149, 351, -7, 141, 76, 39, 496, 1296, 769, 145, 36, 1051, 126, 721, 16, 859, 161, 851]
[-21, 176, 673, 404, 277, 451, 586, 609, 85, 7, 89, 217, 22, 477, 97, 23, 325, 287, 157, 117]
[13, 361, 1370, 1, 229, 381, -19, 121, 757, -4, 625, 89, 93, 1009, 321, 645, 1191, 183, 495, 15]
[248, 127, -38, 89, 595, 145, 36, 76, 451, 1293, 199, 243, 316, 28, 601, 256, 495, 145, 261, 97]
[51, 79, 1401, 161, 287, 511, 260, 673, -8, 811, 358, 67, 133, 86, 1259, 205, 337, 64, 25, 1141]
[457, 175, 115, 901, 289, 290, 17, 41, 151, 505, 316, 859, 257, 300, 463, 93, 892, 361, 274, 761]
[501, 241, 375, 199, 501, 71, 929, 301, 81, 171, 211, 77, 133, 109, 595, 196, 301, 39, 295, 701]
[244, 358, 681, 1, 241, 97, 1117, 105, 727, 931, 76, 191, 596, 639, 37, 276, 222, 148, 833, 469]
[1, 729, -16, 273, 115, 253, 280, 73, 349, 469, 325, 307, 13, 97, 705, 407, 210, 601, 61, 156]

The Transposed array:
[881, 33, 487, 577, 141, 49, 1132, 199, 526, 337, 298, 145, -21, 13, 248, 51, 457, 501, 244, 1]
[267, 101, 14, 621, 109, 1179, 1, 85, 106, 1296, 16, 664, 176, 361, 127, 79, 175, 241, 358, 729]
[161, 1191, 49, 11, 55, 67, 1000, 33, 601, 1, 127, 149, 673, 1370, -38, 1401, 115, 375, 681, -16]
[-10, 156, 496, 265, 141, 714, 321, 1217, 577, 617, 365, 351, 404, 1, 89, 161, 901, 199, 1, 273]
[1, 381, 41, 157, 201, 232, 37, 1255, 5, 112, 205, -7, 277, 229, 595, 287, 289, 501, 241, 115]
[169, 211, 1, 1, 175, 1, 11, 248, 353, 749, 233, 141, 451, 381, 145, 511, 290, 71, 97, 253]
[163, 6, -34, 320, 885, 533, 244, 271, 487, 99, 154, 76, 586, -19, 36, 260, 17, 929, 1117, 280]
[96, 267, 385, -17, 373, -37, 146, 190, 320, 225, 141, 39, 609, 121, 76, 673, 41, 301, 105, 73]
[494, 373, 56, 1121, 571, 267, 305, 26, 175, 172, 121, 496, 85, 757, 451, -8, 151, 81, 727, 349]
[209, 57, 217, 217, 649, 482, 501, 723, 15, 241, 61, 1296, 7, -4, 1293, 811, 505, 171, 931, 469]
[47, 865, 601, 181, 2, 353, 298, 46, 57, 703, 457, 769, 89, 625, 199, 358, 316, 211, 76, 325]
[865, 13, 141, 649, -38, 507, 976, 807, 280, 33, 1103, 145, 217, 89, 243, 67, 859, 77, 191, 307]
[155, 993, 91, 305, 208, 280, -29, 151, 463, 36, 485, 36, 22, 93, 316, 133, 257, 133, 596, 13]
[23, 371, 460, 56, 25, 32, 596, 156, 97, 281, 199, 1051, 477, 1009, 28, 86, 300, 109, 639, 97]
[876, 321, 349, 301, 784, 217, 613, 852, 813, 49, 56, 126, 97, 321, 601, 1259, 463, 595, 37, 705]
[876, 385, 145, 113, 8, 181, 577, 38, 120, 331, 1, 721, 23, 645, 256, 205, 93, 196, 276, 407]
[11, 1081, 541, 116, 155, 171, 556, 3, 369, 86, 783, 16, 325, 1191, 495, 337, 892, 301, 222, 210]
[417, 126, 29, 45, 32, 651, 419, 241, 595, 589, 129, 859, 287, 183, 145, 64, 361, 39, 148, 601]
[300, 7, 71, 156, 1, 116, 181, 101, 217, 481, 505, 161, 157, 495, 261, 25, 274, 295, 833, 61]
[1189, 29, 65, 15, 235, 244, 673, 91, 404, 730, 1185, 851, 117, 15, 97, 1141, 761, 701, 469, 156]

The sorted version of the transposed array is:
[-21, 1, 13, 33, 49, 51, 141, 145, 199, 244, 248, 298, 337, 457, 487, 501, 526, 577, 881, 1132]
[1, 14, 16, 79, 85, 101, 106, 109, 127, 175, 176, 241, 267, 358, 361, 621, 664, 729, 1179, 1296]
[-38, -16, 1, 11, 33, 49, 55, 67, 115, 127, 149, 161, 375, 601, 673, 681, 1000, 1191, 1370, 1401]
[-10, 1, 1, 89, 141, 156, 161, 199, 265, 273, 321, 351, 365, 404, 496, 577, 617, 714, 901, 1217]
[-7, 1, 5, 37, 41, 112, 115, 157, 201, 205, 229, 232, 241, 277, 287, 289, 381, 501, 595, 1255]
[1, 1, 1, 11, 71, 97, 141, 145, 169, 175, 211, 233, 248, 253, 290, 353, 381, 451, 511, 749]
[-34, -19, 6, 17, 36, 76, 99, 154, 163, 244, 260, 271, 280, 320, 487, 533, 586, 885, 929, 1117]
[-37, -17, 39, 41, 73, 76, 96, 105, 121, 141, 146, 190, 225, 267, 301, 320, 373, 385, 609, 673]
[-8, 26, 56, 81, 85, 121, 151, 172, 175, 267, 305, 349, 373, 451, 494, 496, 571, 727, 757, 1121]
[-4, 7, 15, 57, 61, 171, 209, 217, 217, 241, 469, 482, 501, 505, 649, 723, 811, 931, 1293, 1296]
[2, 46, 47, 57, 76, 89, 181, 199, 211, 298, 316, 325, 353, 358, 457, 601, 625, 703, 769, 865]
[-38, 13, 33, 67, 77, 89, 141, 145, 191, 217, 243, 280, 307, 507, 649, 807, 859, 865, 976, 1103]
[-29, 13, 22, 36, 36, 91, 93, 133, 133, 151, 155, 208, 257, 280, 305, 316, 463, 485, 596, 993]
[23, 25, 28, 32, 56, 86, 97, 97, 109, 156, 199, 281, 300, 371, 460, 477, 596, 639, 1009, 1051]
[37, 49, 56, 97, 126, 217, 301, 321, 321, 349, 463, 595, 601, 613, 705, 784, 813, 852, 876, 1259]
[1, 8, 23, 38, 93, 113, 120, 145, 181, 196, 205, 256, 276, 331, 385, 407, 577, 645, 721, 876]
[3, 11, 16, 86, 116, 155, 171, 210, 222, 301, 325, 337, 369, 495, 541, 556, 783, 892, 1081, 1191]
[29, 32, 39, 45, 64, 126, 129, 145, 148, 183, 241, 287, 361, 417, 419, 589, 595, 601, 651, 859]
[1, 7, 25, 61, 71, 101, 116, 156, 157, 161, 181, 217, 261, 274, 295, 300, 481, 495, 505, 833]
[15, 15, 29, 65, 91, 97, 117, 156, 235, 244, 404, 469, 673, 701, 730, 761, 851, 1141, 1185, 1189]

The sorted version of the array is:
[-10, 1, 11, 23, 47, 96, 155, 161, 163, 169, 209, 267, 300, 417, 494, 865, 876, 876, 881, 1189]
[6, 7, 13, 29, 33, 57, 101, 126, 156, 211, 267, 321, 371, 373, 381, 385, 865, 993, 1081, 1191]
[-34, 1, 14, 29, 41, 49, 56, 65, 71, 91, 141, 145, 217, 349, 385, 460, 487, 496, 541, 601]
[-17, 1, 11, 15, 45, 56, 113, 116, 156, 157, 181, 217, 265, 301, 305, 320, 577, 621, 649, 1121]
[-38, 1, 2, 8, 25, 32, 55, 109, 141, 141, 155, 175, 201, 208, 235, 373, 571, 649, 784, 885]
[-37, 1, 32, 49, 67, 116, 171, 181, 217, 232, 244, 267, 280, 353, 482, 507, 533, 651, 714, 1179]
[-29, 1, 11, 37, 146, 181, 244, 298, 305, 321, 419, 501, 556, 577, 596, 613, 673, 976, 1000, 1132]
[3, 26, 33, 38, 46, 85, 91, 101, 151, 156, 190, 199, 241, 248, 271, 723, 807, 852, 1217, 1255]
[5, 15, 57, 97, 106, 120, 175, 217, 280, 320, 353, 369, 404, 463, 487, 526, 577, 595, 601, 813]
[1, 33, 36, 49, 86, 99, 112, 172, 225, 241, 281, 331, 337, 481, 589, 617, 703, 730, 749, 1296]
[1, 16, 56, 61, 121, 127, 129, 141, 154, 199, 205, 233, 298, 365, 457, 485, 505, 783, 1103, 1185]
[-7, 16, 36, 39, 76, 126, 141, 145, 145, 149, 161, 351, 496, 664, 721, 769, 851, 859, 1051, 1296]
[-21, 7, 22, 23, 85, 89, 97, 117, 157, 176, 217, 277, 287, 325, 404, 451, 477, 586, 609, 673]
[-19, -4, 1, 13, 15, 89, 93, 121, 183, 229, 321, 361, 381, 495, 625, 645, 757, 1009, 1191, 1370]
[-38, 28, 36, 76, 89, 97, 127, 145, 145, 199, 243, 248, 256, 261, 316, 451, 495, 595, 601, 1293]
[-8, 25, 51, 64, 67, 79, 86, 133, 161, 205, 260, 287, 337, 358, 511, 673, 811, 1141, 1259, 1401]
[17, 41, 93, 115, 151, 175, 257, 274, 289, 290, 300, 316, 361, 457, 463, 505, 761, 859, 892, 901]
[39, 71, 77, 81, 109, 133, 171, 196, 199, 211, 241, 295, 301, 301, 375, 501, 501, 595, 701, 929]
[1, 37, 76, 97, 105, 148, 191, 222, 241, 244, 276, 358, 469, 596, 639, 681, 727, 833, 931, 1117]
[-16, 1, 13, 61, 73, 97, 115, 156, 210, 253, 273, 280, 307, 325, 349, 407, 469, 601, 705, 729]

End of this array operation


Array for attempt at 22:52 on 11/29/2020
======================================================
The original array:
[351, 109, 77, 497, 27, 1, 1, 56, 741, 37]
[289, 953, 229, 169, 352, 19, 841, 133, 139, 622]
[-38, 281, 457, 1331, 305, 859, 438, 397, -36, 118]
[118, 378, 875, 169, 379, 325, 1, 392, 89, 442]
[1121, 703, 55, 222, 208, 289, 379, 482, 1, 239]
[961, 361, 49, 721, 541, -13, 73, 2, 79, 191]
[239, 161, 13, 41, 379, 79, 342, 1086, 23, 38]
[27, 1293, 551, 153, 61, 121, 1333, 118, 301, 305]
[217, 729, 1171, 257, 365, 457, 281, 1156, 118, 1297]
[37, 881, 22, 703, 309, 404, 267, 65, 85, -8]

The Transposed array:
[351, 289, -38, 118, 1121, 961, 239, 27, 217, 37]
[109, 953, 281, 378, 703, 361, 161, 1293, 729, 881]
[77, 229, 457, 875, 55, 49, 13, 551, 1171, 22]
[497, 169, 1331, 169, 222, 721, 41, 153, 257, 703]
[27, 352, 305, 379, 208, 541, 379, 61, 365, 309]
[1, 19, 859, 325, 289, -13, 79, 121, 457, 404]
[1, 841, 438, 1, 379, 73, 342, 1333, 281, 267]
[56, 133, 397, 392, 482, 2, 1086, 118, 1156, 65]
[741, 139, -36, 89, 1, 79, 23, 301, 118, 85]
[37, 622, 118, 442, 239, 191, 38, 305, 1297, -8]

The sorted version of the transposed array is:
[-38, 27, 37, 118, 217, 239, 289, 351, 961, 1121]
[109, 161, 281, 361, 378, 703, 729, 881, 953, 1293]
[13, 22, 49, 55, 77, 229, 457, 551, 875, 1171]
[41, 153, 169, 169, 222, 257, 497, 703, 721, 1331]
[27, 61, 208, 305, 309, 352, 365, 379, 379, 541]
[-13, 1, 19, 79, 121, 289, 325, 404, 457, 859]
[1, 1, 73, 267, 281, 342, 379, 438, 841, 1333]
[2, 56, 65, 118, 133, 392, 397, 482, 1086, 1156]
[-36, 1, 23, 79, 85, 89, 118, 139, 301, 741]
[-8, 37, 38, 118, 191, 239, 305, 442, 622, 1297]

The sorted version of the array is:
[1, 1, 27, 37, 56, 77, 109, 351, 497, 741]
[19, 133, 139, 169, 229, 289, 352, 622, 841, 953]
[-38, -36, 118, 281, 305, 397, 438, 457, 859, 1331]
[1, 89, 118, 169, 325, 378, 379, 392, 442, 875]
[1, 55, 208, 222, 239, 289, 379, 482, 703, 1121]
[-13, 2, 49, 73, 79, 191, 361, 541, 721, 961]
[13, 23, 38, 41, 79, 161, 239, 342, 379, 1086]
[27, 61, 118, 121, 153, 301, 305, 551, 1293, 1333]
[118, 217, 257, 281, 365, 457, 729, 1156, 1171, 1297]
[-8, 22, 37, 65, 85, 267, 309, 404, 703, 881]

End of this array operation

