
Array for attempt at 19:22 on 12/3/2020
======================================================
The original array:
[211, 681, 73, 113, 435, 685, -1, 246, 781, 1217]
[353, 155, 286, 225, 897, 181, 35, 595, 351, 529]
[301, 703, 441, -33, 871, 721, 625, 88, 919, 715]
[589, 85, 121, 320, 25, -26, 33, 257, 281, 111]
[257, 331, 59, 157, 501, 415, 273, 205, 1401, 129]
[91, 232, 33, 77, 8, 82, 562, 172, 865, 91]
[649, 211, 316, 73, 31, 121, 145, 701, 351, 5]
[65, 161, 1081, 256, 100, 987, 477, 211, 33, 181]
[120, 769, 442, 131, 705, 365, 511, 436, 1255, 121]
[246, 703, 190, 351, 757, -28, 477, 117, 305, 989]

The Transposed array:
[211, 353, 301, 589, 257, 91, 649, 65, 120, 246]
[681, 155, 703, 85, 331, 232, 211, 161, 769, 703]
[73, 286, 441, 121, 59, 33, 316, 1081, 442, 190]
[113, 225, -33, 320, 157, 77, 73, 256, 131, 351]
[435, 897, 871, 25, 501, 8, 31, 100, 705, 757]
[685, 181, 721, -26, 415, 82, 121, 987, 365, -28]
[-1, 35, 625, 33, 273, 562, 145, 477, 511, 477]
[246, 595, 88, 257, 205, 172, 701, 211, 436, 117]
[781, 351, 919, 281, 1401, 865, 351, 33, 1255, 305]
[1217, 529, 715, 111, 129, 91, 5, 181, 121, 989]

The sorted version of the transposed array is:
[65, 91, 120, 211, 246, 257, 301, 353, 589, 649]
[85, 155, 161, 211, 232, 331, 681, 703, 703, 769]
[33, 59, 73, 121, 190, 286, 316, 441, 442, 1081]
[-33, 73, 77, 113, 131, 157, 225, 256, 320, 351]
[8, 25, 31, 100, 435, 501, 705, 757, 871, 897]
[-28, -26, 82, 121, 181, 365, 415, 685, 721, 987]
[-1, 33, 35, 145, 273, 477, 477, 511, 562, 625]
[88, 117, 172, 205, 211, 246, 257, 436, 595, 701]
[33, 281, 305, 351, 351, 781, 865, 919, 1255, 1401]
[5, 91, 111, 121, 129, 181, 529, 715, 989, 1217]

The sorted version of the array is:
[-1, 73, 113, 211, 246, 435, 681, 685, 781, 1217]
[35, 155, 181, 225, 286, 351, 353, 529, 595, 897]
[-33, 88, 301, 441, 625, 703, 715, 721, 871, 919]
[-26, 25, 33, 85, 111, 121, 257, 281, 320, 589]
[59, 129, 157, 205, 257, 273, 331, 415, 501, 1401]
[8, 33, 77, 82, 91, 91, 172, 232, 562, 865]
[5, 31, 73, 121, 145, 211, 316, 351, 649, 701]
[33, 65, 100, 161, 181, 211, 256, 477, 987, 1081]
[120, 121, 131, 365, 436, 442, 511, 705, 769, 1255]
[-28, 117, 190, 246, 305, 351, 477, 703, 757, 989]

End of this array operation


Array for attempt at 19:34 on 12/3/2020
======================================================
The original array:
[43, 900, 125, 937, 9]
[573, 1179, 1201, 70, 34]
[331, 81, 188, 958, 349]
[514, 813, 501, 937, 497]
[13, 307, 50, 601, 65]
The sorted version of the array is:
[9, 43, 125, 900, 937]
[34, 70, 573, 1179, 1201]
[81, 188, 331, 349, 958]
[497, 501, 514, 813, 937]
[13, 50, 65, 307, 601]

End of this array operation

